   6.0000000E+00   3.2366636E+03   1.1888482E+02   2.4941835E+04   1.5005581E-05   1.7543304E-05   0.0000000E+00   0.0000000E+00   0.0000000E+00   0.0000000E+00   0.0000000E+00
   6.0999999E+00   8.0148336E+02   4.7950816E+01   6.0899960E+03   0.0000000E+00   0.0000000E+00   0.0000000E+00   0.0000000E+00   1.8144714E-03   0.0000000E+00   0.0000000E+00
   6.1999998E+00   1.0140795E+03   6.9865727E+01   7.5548258E+03   0.0000000E+00   0.0000000E+00   0.0000000E+00   0.0000000E+00   4.8595777E-02   0.0000000E+00   0.0000000E+00
   6.3000002E+00   1.2892510E+03   9.9681871E+01   9.5145641E+03   1.5955054E-01   2.4128282E-01   2.9190712E-01   0.0000000E+00   8.5772039E-01   9.0065657E-02   6.0635876E-02
   6.4000001E+00   1.6411716E+03   1.1403719E+02   1.1924922E+04   3.8909753E-01   4.9959285E-01   1.7807424E+00   0.0000000E+00   8.0521860E+00   7.8036878E-01   6.1913102E+00
   6.5000000E+00   2.0594307E+03   1.2212796E+02   1.5093060E+04   1.1133256E+00   7.9821802E-01   6.1346263E-01   0.0000000E+00   2.5076366E+01   1.2724991E+00   4.3471337E+00
   6.5999999E+00   2.5576381E+03   1.0052937E+02   1.9007933E+04   1.8235878E+01   3.9942090E+00   1.4776447E+00   0.0000000E+00   4.3925112E+01   1.1150141E+00   1.9740447E+00
   6.6999998E+00   3.1445991E+03   2.0242504E+01   2.4083867E+04   2.6697161E+01   1.3790697E+01   5.6115374E+00   0.0000000E+00   7.4970090E+01   2.8089240E+00   1.7078278E+00
   6.8000002E+00   3.5911378E+03   7.6130508E+00   3.0583293E+04   2.8072906E+01   2.6454506E+01   3.6647356E+01   0.0000000E+00   1.2584276E+02   6.3386107E+00   6.4493498E+00
   6.9000001E+00   4.0668263E+03   3.2644981E+00   3.8759710E+04   3.4760993E+01   1.9785827E+01   4.1271341E+01   0.0000000E+00   1.8822405E+02   9.5737880E+00   7.1479378E+00
   7.0000000E+00   3.4213837E+03   2.0844368E+00   5.0857636E+04   6.4626594E+01   2.7570363E+01   4.6180735E+01   0.0000000E+00   2.8222782E+02   1.6331326E+01   8.7742663E+00
   7.0999999E+00   1.7284336E+03   3.3212040E+00   6.6076701E+04   6.5951973E+01   2.8271009E+01   3.8226287E+01   0.0000000E+00   4.4463667E+02   2.0394780E+01   7.5320855E+00
   7.1999998E+00   1.3551736E+03   4.6036901E-01   8.5751867E+04   1.0075823E+02   4.2178874E+01   4.0790260E+01   0.0000000E+00   4.6407822E+02   3.9098621E+01   7.0398452E+00
   7.3000002E+00   6.8753176E+02   2.7282576E-01   1.0943673E+05   1.1452146E+02   5.7129789E+01   7.2495726E+01   0.0000000E+00   4.6655760E+02   2.5276756E+01   2.4947013E+00
   7.4000001E+00   9.4878075E+01   1.4445879E-03   1.3475550E+05   1.5928179E+02   8.6351136E+01   1.5901705E+02   0.0000000E+00   6.7303957E+02   2.8675660E-03   0.0000000E+00
   7.5000000E+00   6.1460996E+01   4.3668552E-02   1.6429524E+05   4.7736988E+02   2.1717506E+02   3.3366970E+02   0.0000000E+00   1.2970322E+03   1.0888567E-01   0.0000000E+00
   7.5999999E+00   4.0414320E+01   0.0000000E+00   1.9664296E+05   1.0236365E+03   3.5328795E+02   5.2721806E+02   0.0000000E+00   2.0307398E+03   6.6932558E-01   3.8639163E-02
   7.6999998E+00   9.8974298E+01  -6.5102549E-03   2.3376392E+05   2.0284584E+03   9.8418443E+02   6.5377508E+02   0.0000000E+00   3.1527915E+03   3.6982159E+00   3.1592248E-02
   7.8000002E+00   1.8492703E+01   0.0000000E+00   2.7961128E+05   3.1199043E+03   2.4581543E+03   6.1388771E+02   5.5474040E-01   4.9485313E+03   1.0416285E+01   0.0000000E+00
   7.9000001E+00   4.7512217E-02   0.0000000E+00   6.6739935E+04   2.4179136E+03   3.6516121E+03   3.9321399E+02   1.5352749E+00   6.6276615E+03   5.8986384E+01   1.4798689E-04
   8.0000000E+00   1.2351966E+02   1.5745730E-03   1.9515461E+05   4.7127532E+03   1.1088982E+04   6.6470942E+02   5.9509309E+00   1.0302662E+04   6.5273557E+01   0.0000000E+00
   8.1000004E+00   3.1953845E+02   0.0000000E+00   4.3188521E+05   1.8994457E+03   1.6508926E+04   5.2111257E+02   0.0000000E+00   1.4008104E+04   2.2392250E+01   0.0000000E+00
   8.1999998E+00   6.8910585E+01   4.7221767E-03   2.3841522E+05   3.0546120E+03   4.1925287E+04   1.2902223E+03   1.7102231E+02   1.9836799E+04   1.4371209E+01   2.4033324E+00
   8.3000002E+00   8.4387794E+02   5.2786375E-03   5.5478038E+05   2.5821995E+03   5.3399812E+04   1.1877171E+03   4.9024986E+01   1.5296719E+04   1.0826084E+01   0.0000000E+00
   8.3999996E+00   3.3068276E+02   0.0000000E+00   5.4970374E+05   4.9109237E+03   8.1964686E+04   1.0547164E+03   6.2110599E-01   1.1810483E+04   3.5219327E+00   0.0000000E+00
   8.5000000E+00   1.8286096E+02   3.2582154E-02  -2.9188678E+05   4.4534094E+03   1.2098976E+05   2.3630067E+03   8.0792155E+00   6.5050722E+03   7.8130687E+00   0.0000000E+00
   8.6000004E+00   1.8455023E+00   0.0000000E+00   4.4976605E+04   7.2853801E+03   1.3203548E+05   1.1251412E+03   1.3890522E+00   5.5221920E+03   6.2493314E+00   0.0000000E+00
   8.6999998E+00  -1.5542840E-01   0.0000000E+00   2.5880137E+05   1.6174348E+04   1.8516363E+05   2.0231925E+03   1.2866617E-01   7.9189896E+02   9.7955055E-01   0.0000000E+00
   8.8000002E+00   4.0453056E+00   0.0000000E+00  -3.7981237E+04   1.2873543E+04   2.1592738E+05   2.2644176E+03   2.3546838E-02   1.0634393E+03   1.0763555E+01   0.0000000E+00
   8.8999996E+00   1.7184958E+01   0.0000000E+00   1.0890279E+05   1.6197939E+04   8.6043260E+05   4.8484086E+03   0.0000000E+00   1.4678036E+03   0.0000000E+00   0.0000000E+00
   9.0000000E+00   1.5829582E+01   0.0000000E+00  -4.9768290E+05   4.5699231E+02   3.4309957E+05   5.6455707E+03   0.0000000E+00   1.0958148E+03   0.0000000E+00   0.0000000E+00
   9.1000004E+00   3.7064810E+02   0.0000000E+00  -3.4635054E+05   7.5351169E+02   6.3558196E+05   2.1018834E+04   0.0000000E+00   3.4191783E+02   0.0000000E+00   0.0000000E+00
   9.1999998E+00   2.0392741E+02   0.0000000E+00   2.3240525E+05   7.5623960E+02   2.2815350E+05   2.2096196E+04   0.0000000E+00   1.4740396E+02   0.0000000E+00   0.0000000E+00
   9.3000002E+00   3.8385909E+02   0.0000000E+00   2.8756999E+05   6.7298488E+02   2.1811277E+05   3.8184599E+04   0.0000000E+00   1.9923460E+00   0.0000000E+00   0.0000000E+00
   9.3999996E+00   4.5965014E+02   0.0000000E+00  -5.9607872E+05   3.7231017E+02   1.7107550E+05   4.2616736E+04   0.0000000E+00   1.5083149E+03   1.9662781E-01   0.0000000E+00
   9.5000000E+00   5.4195571E+02   0.0000000E+00   3.2055523E+05   5.9171439E+02   2.2753152E+05   5.2878129E+04   0.0000000E+00   7.2125810E+01   7.5342660E-01   0.0000000E+00
   9.6000004E+00   6.9618685E+02   0.0000000E+00   3.2883499E+03   4.2376271E+03   2.9388684E+05   7.9790355E+04   1.7154681E-01   1.0736343E+02   3.0947497E-02   0.0000000E+00
   9.6999998E+00   1.8203758E-03   0.0000000E+00   5.3724754E+05   1.0284726E+03   2.3840186E+04   2.3086546E+01   0.0000000E+00   9.2080927E+02   0.0000000E+00   0.0000000E+00
   9.8000002E+00   8.3848242E+02   0.0000000E+00   4.4050948E+05   2.2397389E+03   7.8218628E+05   2.5826127E+05   0.0000000E+00   3.7894640E+03   7.7835311E+00   0.0000000E+00
   9.8999996E+00   3.7136582E+03   0.0000000E+00   5.8421123E+05   5.2403577E+03   4.0330242E+05   1.5447470E+05   0.0000000E+00   2.6988676E+03   6.0954916E+00   0.0000000E+00
   1.0000000E+01  -4.4106186E-02   0.0000000E+00   7.2950020E+05   1.4198516E+03   3.9189582E+04   2.4181586E+02   1.4286614E-01   5.4404116E+03   1.6652471E+01   0.0000000E+00
   1.0100000E+01   1.4429817E+03   0.0000000E+00   5.9465679E+04   1.2015571E+03   6.3128275E+05   5.1882653E+05   0.0000000E+00   8.4534032E+03   2.1191920E+01   0.0000000E+00
   1.0200001E+01  -1.0850538E+00   0.0000000E+00   3.3060743E+05   2.7765376E+02   7.9089956E+04   2.3261560E+04   0.0000000E+00   7.8584870E+02   4.9575608E-01   0.0000000E+00
   1.0300000E+01  -3.1227560E-02   0.0000000E+00   7.7916716E+04   3.8974999E+01   3.8179394E+04   5.1505511E+04   0.0000000E+00   5.8305920E+02   3.0740585E+00   0.0000000E+00
   1.0400000E+01  -1.9726449E-02   0.0000000E+00   3.0171105E+05   6.3573780E+00   5.0096471E+04   6.7684414E+04   0.0000000E+00   2.2190294E+02   9.6931413E-01   0.0000000E+00
   1.0500000E+01   1.2223331E-02   0.0000000E+00   4.6695547E+04   3.6425811E+01   5.5095982E+04   8.5354499E+04   0.0000000E+00   1.3132370E+03   1.3984454E+00   0.0000000E+00
   1.0600000E+01   2.7169190E+03   0.0000000E+00  -8.9275054E+04   1.7243455E+03   7.2207168E+05   1.1056705E+06   0.0000000E+00   0.0000000E+00   0.0000000E+00   0.0000000E+00
   1.0700001E+01  -2.6490079E+03   0.0000000E+00  -7.8482548E+04   0.0000000E+00   1.4179536E+05   2.3989467E+05   0.0000000E+00   0.0000000E+00   0.0000000E+00   0.0000000E+00
   1.0800000E+01   0.0000000E+00   0.0000000E+00  -2.2303243E+04   0.0000000E+00   6.3811664E+04   3.1303761E+05   0.0000000E+00   0.0000000E+00   0.0000000E+00   0.0000000E+00
   1.0900000E+01   4.0422271E+03   0.0000000E+00   5.8518685E+03   1.4008196E+03   6.5603172E+05   1.9717994E+06   0.0000000E+00   0.0000000E+00   0.0000000E+00   0.0000000E+00
   1.1000000E+01   0.0000000E+00   0.0000000E+00   0.0000000E+00   0.0000000E+00   0.0000000E+00   0.0000000E+00   0.0000000E+00   0.0000000E+00   0.0000000E+00   0.0000000E+00
